SMILES: CC(C)(C)OC(=O)N1CCNCC1
Atom Matrix: [[ 0.          1.          0.          0.          0.          0.
   0.          0.          0.          0.          0.          0.
   0.          0.          0.          1.          0.          0.
   0.          2.55       -0.02526124  1.          0.          1.
   0.          5.          0.          0.          5.          0.
   0.          5.          0.          0.          5.          0.
   0.          5.          0.          0.          5.          0.
   0.          2.          1.          0.          2.          1.
   0.          3.          1.          0.          4.          1.
   0.          5.          0.          0.          5.          0.
   0.          5.          0.          0.          3.          1.
   0.          5.          0.          0.          5.          0.
   0.          0.          5.          0.          0.          0.
   0.          0.          0.          0.          0.          0.
   0.          0.          0.          6.          0.        ]
 [ 0.          1.          0.          0.          0.          0.
   0.          0.          0.          0.          0.          0.
   0.          0.          0.          1.          0.          0.
   0.          2.55        0.10567578  1.          0.          1.
   0.          5.          0.          0.          5.          0.
   0.          5.          0.          0.          5.          0.
   0.          5.          0.          0.          5.          0.
   0.          1.          1.          0.          1.          1.
   0.          2.          1.          0.          3.          1.
   0.          5.          0.          0.          5.          0.
   0.          5.          0.          0.          2.          1.
   0.          5.          0.          0.          5.          0.
   0.          0.          5.          0.          0.          0.
   0.          0.          0.          0.          0.          0.
   0.          0.          0.          0.          0.        ]
 [ 0.          1.          0.          0.          0.          0.
   0.          0.          0.          0.          0.          0.
   0.          0.          0.          1.          0.          0.
   0.          2.55       -0.02526124  1.          0.          1.
   0.          5.          0.          0.          5.          0.
   0.          5.          0.          0.          5.          0.
   0.          5.          0.          0.          5.          0.
   0.          2.          1.          0.          2.          1.
   0.          3.          1.          0.          4.          1.
   0.          5.          0.          0.          5.          0.
   0.          5.          0.          0.          3.          1.
   0.          5.          0.          0.          5.          0.
   0.          0.          5.          0.          0.          0.
   0.         10.         10.          0.          0.          0.
   0.          0.          0.          0.          0.        ]
 [ 0.          1.          0.          0.          0.          0.
   0.          0.          0.          0.          0.          0.
   0.          0.          0.          1.          0.          0.
   0.          2.55       -0.02526124  1.          0.          1.
   0.          5.          0.          0.          5.          0.
   0.          5.          0.          0.          5.          0.
   0.          5.          0.          0.          5.          0.
   0.          2.          1.          0.          2.          1.
   0.          3.          1.          0.          4.          1.
   0.          5.          0.          0.          5.          0.
   0.          5.          0.          0.          3.          1.
   0.          5.          0.          0.          5.          0.
   0.          0.          5.          0.          0.          0.
   0.          0.          0.          0.          0.          0.
   0.          0.          0.          0.          0.        ]
 [ 0.          0.          0.          0.          0.          0.
   0.          0.          0.          1.          0.          0.
   0.          0.          1.          0.          0.          0.
   0.          3.44       -0.44368771  0.          1.          2.
   0.          5.          0.          0.          5.          0.
   0.          5.          0.          0.          5.          0.
   0.          5.          0.          0.          5.          0.
   1.          0.          1.          1.          0.          1.
   0.          1.          1.          0.          2.          1.
   0.          5.          0.          0.          5.          0.
   0.          5.          0.          0.          1.          1.
   0.          5.          0.          0.          5.          0.
   0.          0.          5.          0.          0.          0.
   0.          5.          0.          0.          0.          0.
   0.          0.          0.          0.          0.        ]
 [ 0.          1.          0.          0.          0.          0.
   0.          0.          0.          0.          0.          0.
   0.          0.          1.          0.          0.          0.
   0.          2.55        0.40986851  1.          0.          1.
   0.          5.          0.          0.          5.          0.
   0.          5.          0.          0.          5.          0.
   0.          5.          0.          0.          5.          0.
   0.          1.          2.          1.          0.          1.
   1.          0.          1.          0.          1.          1.
   0.          5.          0.          0.          5.          0.
   0.          5.          0.          1.          0.          1.
   0.          5.          0.          0.          5.          0.
   0.          0.          5.          0.          0.          0.
   0.          0.          0.          0.          0.          0.
   0.          0.          0.          0.          0.        ]
 [ 0.          0.          0.          0.          0.          0.
   0.          0.          0.          1.          0.          0.
   0.          0.          1.          0.          0.          0.
   0.          3.44       -0.224336    0.          1.          1.
   0.          5.          0.          0.          5.          0.
   0.          5.          0.          0.          5.          0.
   0.          5.          0.          0.          5.          0.
   1.          0.          1.          1.          0.          1.
   1.          0.          1.          0.          2.          1.
   0.          5.          0.          0.          5.          0.
   0.          5.          0.          1.          0.          1.
   0.          5.          0.          0.          5.          0.
   0.          0.          5.          0.          0.          0.
   8.          0.          0.          0.          0.          0.
   0.          5.          0.          0.          0.        ]
 [ 0.          0.          0.          0.          0.          0.
   0.          1.          0.          0.          0.          0.
   0.          0.          1.          0.          0.          0.
   0.          3.04       -0.30565304  0.          1.          3.
   0.          5.          0.          0.          5.          0.
   0.          5.          0.          0.          5.          0.
   0.          5.          0.          0.          5.          0.
   0.          2.          2.          0.          1.          1.
   0.          1.          1.          1.          0.          1.
   0.          5.          0.          0.          5.          0.
   0.          5.          0.          1.          0.          1.
   0.          5.          0.          0.          5.          0.
   1.          0.          5.          0.          0.          0.
   0.          0.          0.          3.          0.          0.
  10.          0.          1.          0.          0.        ]
 [ 0.          1.          0.          0.          0.          0.
   0.          0.          0.          0.          0.          0.
   0.          0.          0.          1.          0.          0.
   0.          2.55        0.03641484  1.          0.          1.
   0.          5.          0.          0.          5.          0.
   0.          5.          0.          0.          5.          0.
   0.          5.          0.          0.          5.          0.
   0.          3.          2.          0.          2.          1.
   0.          2.          1.          0.          1.          1.
   0.          5.          0.          0.          5.          0.
   0.          5.          0.          0.          1.          1.
   0.          5.          0.          0.          5.          0.
   1.          0.          5.          0.          0.          0.
   0.          0.          0.          0.          0.          0.
   0.          9.          0.          0.          0.        ]
 [ 0.          1.          0.          0.          0.          0.
   0.          0.          0.          0.          0.          0.
   0.          0.          0.          1.          0.          0.
   0.          2.55        0.01307283  1.          0.          1.
   0.          5.          0.          0.          5.          0.
   0.          5.          0.          0.          5.          0.
   0.          5.          0.          0.          5.          0.
   0.          4.          2.          0.          3.          1.
   0.          3.          1.          0.          1.          1.
   0.          5.          0.          0.          5.          0.
   0.          5.          0.          0.          2.          1.
   0.          5.          0.          0.          5.          0.
   1.          0.          5.          0.          9.          0.
   0.          0.          0.          0.          0.          0.
   0.          0.          0.          0.          0.        ]
 [ 0.          0.          0.          0.          0.          0.
   0.          1.          0.          0.          0.          0.
   0.          0.          0.          1.          0.          0.
   0.          3.04       -0.31320706  0.          1.          2.
   0.          5.          0.          0.          5.          0.
   0.          5.          0.          0.          5.          0.
   0.          5.          0.          0.          5.          0.
   0.          5.          2.          0.          4.          1.
   0.          4.          1.          1.          0.          1.
   0.          5.          0.          0.          5.          0.
   0.          5.          0.          0.          3.          1.
   0.          5.          0.          0.          5.          0.
   1.          0.          5.          0.          0.          0.
   0.          0.          0.          0.          0.          0.
   7.          0.          0.          0.          0.        ]
 [ 0.          1.          0.          0.          0.          0.
   0.          0.          0.          0.          0.          0.
   0.          0.          0.          1.          0.          0.
   0.          2.55        0.01307283  1.          0.          1.
   0.          5.          0.          0.          5.          0.
   0.          5.          0.          0.          5.          0.
   0.          5.          0.          0.          5.          0.
   0.          4.          2.          0.          3.          1.
   0.          3.          1.          0.          1.          1.
   0.          5.          0.          0.          5.          0.
   0.          5.          0.          0.          2.          1.
   0.          5.          0.          0.          5.          0.
   1.          0.          5.          0.          0.          0.
   0.          0.          0.          0.          0.          0.
   0.          0.          0.          0.          0.        ]
 [ 0.          1.          0.          0.          0.          0.
   0.          0.          0.          0.          0.          0.
   0.          0.          0.          1.          0.          0.
   0.          2.55        0.03641484  1.          0.          1.
   0.          5.          0.          0.          5.          0.
   0.          5.          0.          0.          5.          0.
   0.          5.          0.          0.          5.          0.
   0.          3.          2.          0.          2.          1.
   0.          2.          1.          0.          1.          1.
   0.          5.          0.          0.          5.          0.
   0.          5.          0.          0.          1.          1.
   0.          5.          0.          0.          5.          0.
   1.          0.          5.          0.          0.          0.
   6.          0.          0.          0.          0.          0.
   0.          0.          0.          0.          0.        ]]
Bond Matrix: [[1, 0, 0, 0, 0, 0, 0, 0], [1, 0, 0, 0, 0, 0, 0, 0], [1, 0, 0, 0, 0, 0, 0, 0], [1, 0, 0, 0, 0, 0, 0, 0], [1, 0, 0, 0, 0, 0, 0, 1], [0, 1, 0, 0, 0, 0, 0, 1], [1, 0, 0, 0, 0, 0, 0, 1], [1, 0, 0, 0, 1, 0, 6, 0], [1, 0, 0, 0, 1, 0, 6, 0], [1, 0, 0, 0, 1, 0, 6, 0], [1, 0, 0, 0, 1, 0, 6, 0], [1, 0, 0, 0, 1, 0, 6, 0], [1, 0, 0, 0, 1, 0, 6, 0]]
Adjacency Matrix: [(0, 1), (1, 2), (1, 3), (1, 4), (4, 5), (5, 6), (5, 7), (7, 8), (8, 9), (9, 10), (10, 11), (11, 12), (12, 7)]
Global Vector: [ 13.           0.           1.           0.           0.
   0.           0.           4.           1.           0.
   2.           0.           0.           0.           1.
   0.           0.           3.           2.           4.5
   2.25         0.           0.           0.           0.
   8.16666667   2.72222222  24.77666667 150.88968889   6.66666667
  21.55555556]
========================================
SMILES: CO
Atom Matrix: [[ 0.          1.          0.          0.          0.          0.
   0.          0.          0.          0.          0.          0.
   0.          0.          0.          1.          0.          0.
   0.          2.55        0.03194068  1.          0.          1.
   0.          5.          0.          0.          5.          0.
   0.          5.          0.          0.          5.          0.
   0.          5.          0.          0.          5.          0.
   0.          1.          1.          0.          5.          0.
   0.          5.          0.          0.          5.          0.
   0.          5.          0.          0.          5.          0.
   0.          5.          0.          0.          5.          0.
   0.          5.          0.          0.          5.          0.
   0.          0.          5.          0.          0.          0.
   0.          0.          0.          0.          0.          0.
   0.          0.          0.          0.          0.        ]
 [ 0.          0.          0.          0.          0.          0.
   0.          0.          0.          1.          0.          0.
   0.          0.          0.          1.          0.          0.
   0.          3.44       -0.39963024  0.          1.          1.
   0.          5.          0.          0.          5.          0.
   0.          5.          0.          0.          5.          0.
   0.          5.          0.          0.          5.          0.
   1.          0.          1.          0.          5.          0.
   0.          5.          0.          0.          5.          0.
   0.          5.          0.          0.          5.          0.
   0.          5.          0.          0.          5.          0.
   0.          5.          0.          0.          5.          0.
   0.          0.          5.          0.          0.          0.
   0.          0.          0.          3.          0.          0.
   0.          0.          0.          0.          0.        ]]
Bond Matrix: [[1, 0, 0, 0, 0, 0, 0, 0]]
Adjacency Matrix: [(0, 1)]
Global Vector: [ 13.           0.           1.           0.           0.
   0.           0.           4.           1.           0.
   2.           0.           0.           0.           1.
   0.           0.           3.           2.           4.5
   2.25         0.           0.           0.           0.
   8.16666667   2.72222222  24.77666667 150.88968889   6.66666667
  21.55555556]
========================================
SMILES: ClCC1CO1
Atom Matrix: [[ 0.          0.          1.          0.          0.          0.
   0.          0.          0.          0.          0.          0.
   0.          0.          0.          1.          0.          0.
   0.          3.16       -0.12379393  0.          1.          1.
   0.          5.          0.          1.          0.          1.
   0.          5.          0.          0.          5.          0.
   0.          5.          0.          0.          5.          0.
   0.          3.          1.          0.          5.          0.
   0.          5.          0.          0.          5.          0.
   0.          5.          0.          0.          5.          0.
   0.          5.          0.          0.          5.          0.
   0.          5.          0.          0.          5.          0.
   0.          0.          5.          0.          0.          0.
   0.          0.          0.          0.          0.          0.
   0.          0.          0.          0.          0.        ]
 [ 0.          1.          0.          0.          0.          0.
   0.          0.          0.          0.          0.          0.
   0.          0.          0.          1.          0.          0.
   0.          2.55        0.05091342  1.          0.          1.
   0.          5.          0.          0.          1.          1.
   0.          5.          0.          0.          5.          0.
   0.          5.          0.          0.          5.          0.
   0.          2.          1.          0.          5.          0.
   0.          5.          0.          0.          5.          0.
   0.          5.          0.          0.          5.          0.
   0.          5.          0.          0.          5.          0.
   0.          5.          0.          0.          5.          0.
   0.          0.          5.          0.          0.          0.
   0.          0.          0.          0.          0.          0.
   6.          0.          0.          0.          6.        ]
 [ 0.          1.          0.          0.          0.          0.
   0.          0.          0.          0.          0.          0.
   0.          0.          0.          1.          0.          0.
   0.          2.55        0.09443705  1.          0.          1.
   0.          5.          0.          0.          2.          1.
   0.          5.          0.          0.          5.          0.
   0.          5.          0.          0.          5.          0.
   0.          1.          1.          0.          5.          0.
   0.          5.          0.          0.          5.          0.
   0.          5.          0.          0.          5.          0.
   0.          5.          0.          0.          5.          0.
   0.          5.          0.          0.          5.          0.
   1.          0.          5.          0.          0.          0.
   0.          0.          0.          0.          0.          0.
   0.          0.          0.          0.          0.        ]
 [ 0.          1.          0.          0.          0.          0.
   0.          0.          0.          0.          0.          0.
   0.          0.          0.          1.          0.          0.
   0.          2.55        0.07456825  1.          0.          1.
   0.          5.          0.          0.          3.          1.
   0.          5.          0.          0.          5.          0.
   0.          5.          0.          0.          5.          0.
   0.          1.          1.          0.          5.          0.
   0.          5.          0.          0.          5.          0.
   0.          5.          0.          0.          5.          0.
   0.          5.          0.          0.          5.          0.
   0.          5.          0.          0.          5.          0.
   1.          0.          5.          0.          0.          0.
   0.          0.          0.          0.          0.          0.
   0.          0.          0.          2.          0.        ]
 [ 0.          0.          0.          0.          0.          0.
   0.          0.          0.          1.          0.          0.
   0.          0.          0.          1.          0.          0.
   0.          3.44       -0.37183444  0.          1.          2.
   0.          5.          0.          0.          3.          1.
   0.          5.          0.          0.          5.          0.
   0.          5.          0.          0.          5.          0.
   1.          0.          1.          0.          5.          0.
   0.          5.          0.          0.          5.          0.
   0.          5.          0.          0.          5.          0.
   0.          5.          0.          0.          5.          0.
   0.          5.          0.          0.          5.          0.
   1.          0.          5.          0.          0.          0.
   0.          0.          0.          0.          0.          0.
   1.          0.          0.          0.          0.        ]]
Bond Matrix: [[1, 0, 0, 0, 0, 0, 0, 0], [1, 0, 0, 0, 0, 0, 0, 0], [1, 0, 0, 0, 1, 0, 3, 0], [1, 0, 0, 0, 1, 0, 3, 0], [1, 0, 0, 0, 1, 0, 3, 0]]
Adjacency Matrix: [(0, 1), (1, 2), (2, 3), (3, 4), (4, 2)]
Global Vector: [ 13.           0.           1.           0.           0.
   0.           0.           4.           1.           0.
   2.           0.           0.           0.           1.
   0.           0.           3.           2.           4.5
   2.25         0.           0.           0.           0.
   8.16666667   2.72222222  24.77666667 150.88968889   6.66666667
  21.55555556]
========================================
